 32  32  32  32  32  32  96  95  89  89  90  88  90  89  88  90  89  88  90  90  88  89  88  90  89  90  88  89  89  88  90  89  95  96  32  32  32  32  32  32
 10  21   7  46  32  49  96  95  89  88  90  89  88  90  90  88  89  88  90  89  90  88  89  89  88  90  89  88  90  89  88  89  95  96   5  20   1  16   1  32
 32  32  32  32  32  32  96  95  90  90  88  89  88  90  89  90  88  89  89  88  90  89  88  90  89  88  89  90  90  88  89  89  95  96  32  48  48  49  32  32
 16  21  14  20  15  19  96  95  90  89  90  88  89  89  88  90  80  81  80  81  80  81  80  81  88  89  89  90  88  90  89  88  95  96  32  32  32  32  32  32
 48  48  48  48  48  48  96  95  89  88  90  89  88  90  89  88  82  83  82  83  82  83  82  83  90  89  88  90  89  88  90  90  95  96  14   1  22   5  19  32
 32  32  32  32  32  32  96  95  90  89  88  89  72  73  72  73  72  73  72  73  72  73  72  73  72  73  72  73  89  88  90  89  95  96  97  97  32  32  32  32
 18  28   3  15  18   4  96  95  90  88  89  89  74  75  74  75  74  75  74  75  74  75  74  75  74  75  74  75  88  89  89  88  95  96  32  32  32  32  32  32
 48  50  48  48  48  48  96  95  88  90  89  88  72  73  72  90  72  88  72  73  72  73  72  73  89  76  77  76  77  88  90  89  95  96  32  32  32  32  32  32
 32  32  32  32  32  32  96  95  89  88  90  90  74  75  74  90  74  90  74  75  74  75  74  75  88  78  79  78  79  90  90  88  95  96  32  32  32  32  32  32
 32  32  32  32  32  32  96  95  89  68  69  68  69  68  69  68  69  68  69  88  90  68  69  68  69  68  69  68  69  68  69  90  95  96  32  32  32  32  32  32
 32  32  32  32  32  32  96  95  88  70  71  70  71  70  71  70  71  70  71  90  90  70  71  70  71  70  71  70  71  70  71  88  95  96  32  32  32  32  32  32
 32  32  32  32  32  32  96  95  89  68  69  68  69  89  90  68  69  68  69  90  88  68  69  68  69  68  69  68  69  68  69  88  95  96  32  32  32  32  32  32
 32  32  32  32  32  32  96  95  89  70  71  70  71  89  90  70  71  70  71  90  89  70  71  70  71  70  71  70  71  70  71  89  95  96  32  32  32  32  32  32
 32  32  32  32  32  32  96  95  89  90  88  90  89  88  90  89  88  90  90  88  89  88  90  89  90  88  89  89  88  90  89  88  95  96  32  32  32  32  32  32
 32  32  32  32  32  32  96  95  88  90  89  88  90  90  88  89  88  90  89  90  88  89  89  88  90  89  88  90  89  88  89  90  95  96  32  32  32  32  32  32
 32  32  32  32  32  32  96  95  90  88  89  88  90  89  90  88  89  89  88  90  89  88  90  89  88  89  90  90  88  89  89  90  95  96  32  32  32  32  32  32
 32  32  32  32  32  32  96  95  89  90  88  89  89  88  90  89  88  90  89  88  89  90  90  88  89  89  90  88  90  89  88  90  95  96  32  32  32  32  32  32
 32  32  32  32  32  32  96  95  88  90  89  88  90  89  88  89  90  90  88  89  89  90  88  90  89  88  90  89  88  90  90  88  95  96  32  32  32  32  32  32
 32  32  32  32  32  32  96  95  89  88  89  90  90  88  89  89  90  88  90  89  88  90  89  88  90  90  88  89  88  90  89  90  95  96  32  32  32  32  32  32
 32  32  32  32  32  32  96  95  88  89  89  90  88  90  89  88  90  89  88  90  90  88  89  88  90  89  90  88  89  89  88  90  95  96  32  32  32  32  32  32
 32  32  32  32  32  32  96  95  90  89  88  90  89  88  90  90  88  89  88  90  89  90  88  89  89  88  90  89  88  90  89  88  95  96  32  32  32  32  32  32
 32  32  32  32  32  32  96  95  88  90  90  88  89  88  90  89  90  88  89  89  88  90  89  88  90  89  88  89  90  90  88  89  95  96  32  32  32  32  32  32
 32  32  32  32  32  32  96  95  88  90  89  90  88  89  89  88  90  89  88  90  89  88  89  90  90  88  89  89  90  88  90  89  95  96  32  32  32  32  32  32
 32  32  32  32  32  32  96  95  89  89  88  90  89  88  90  89  88  89  90  90  88  89  89  90  88  90  89  88  90  89  88  90  95  96  32  32  32  32  32  32
 32  32  32  32  32  32  96  95  88  90  89  88  89  90  90  88  89  89  90  88  90  89  88  90  89  88  90  90  88  89  88  90  95  96  32  32  32  32  32  32
